{
  "nbformat": 4,
  "nbformat_minor": 0,
  "metadata": {
    "colab": {
      "name": "exploratory.ipynb",
      "provenance": []
    },
    "kernelspec": {
      "name": "python3",
      "display_name": "Python 3"
    },
    "language_info": {
      "name": "python"
    }
  },
  "cells": [
    {
      "cell_type": "code",
      "source": [
        "train.corr()"
      ],
      "metadata": {
        "id": "PT56KcyO8NvQ",
        "colab": {
          "base_uri": "https://localhost:8080/",
          "height": 758
        },
        "outputId": "1c11007d-bf79-4957-a568-c931b9110e7a"
      },
      "execution_count": null,
      "outputs": [
        {
          "output_type": "execute_result",
          "data": {
            "text/plain": [
              "               GP       MIN       PTS       FGM       FGA       FG%   3P Made  \\\n",
              "GP       1.000000  0.597446  0.559332  0.562213  0.538190  0.311106  0.119768   \n",
              "MIN      0.597446  1.000000  0.918264  0.905489  0.914114  0.211973  0.390542   \n",
              "PTS      0.559332  0.918264  1.000000  0.991033  0.980013  0.272255  0.337452   \n",
              "FGM      0.562213  0.905489  0.991033  1.000000  0.979742  0.308350  0.277842   \n",
              "FGA      0.538190  0.914114  0.980013  0.979742  1.000000  0.145322  0.382426   \n",
              "FG%      0.311106  0.211973  0.272255  0.308350  0.145322  1.000000 -0.304532   \n",
              "3P Made  0.119768  0.390542  0.337452  0.277842  0.382426 -0.304532  1.000000   \n",
              "3PA      0.106866  0.398589  0.341765  0.282244  0.399330 -0.360298  0.982678   \n",
              "3P%      0.026659  0.169725  0.147124  0.114917  0.202011 -0.376032  0.619991   \n",
              "FTM      0.503171  0.811353  0.899845  0.853349  0.832288  0.267298  0.157143   \n",
              "FTA      0.491696  0.795711  0.882502  0.843725  0.807849  0.320679  0.090530   \n",
              "FT%      0.200386  0.241640  0.246680  0.214689  0.262776 -0.142038  0.310734   \n",
              "OREB     0.416948  0.586255  0.590605  0.610619  0.514503  0.527119 -0.221181   \n",
              "DREB     0.479671  0.756072  0.716958  0.723419  0.655417  0.431919  0.017703   \n",
              "REB      0.473715  0.719870  0.696668  0.708522  0.627248  0.484302 -0.072795   \n",
              "AST      0.362790  0.625946  0.546482  0.521606  0.587837 -0.130397  0.415002   \n",
              "STL      0.456121  0.766311  0.669969  0.650974  0.689307  0.040709  0.353963   \n",
              "BLK      0.303153  0.432429  0.433771  0.442781  0.360720  0.414445 -0.157557   \n",
              "TOV      0.523640  0.830394  0.853030  0.834749  0.848879  0.125793  0.269701   \n",
              "Target   0.415001  0.354152  0.354192  0.356119  0.327988  0.252236  0.037159   \n",
              "\n",
              "              3PA       3P%       FTM       FTA       FT%      OREB      DREB  \\\n",
              "GP       0.106866  0.026659  0.503171  0.491696  0.200386  0.416948  0.479671   \n",
              "MIN      0.398589  0.169725  0.811353  0.795711  0.241640  0.586255  0.756072   \n",
              "PTS      0.341765  0.147124  0.899845  0.882502  0.246680  0.590605  0.716958   \n",
              "FGM      0.282244  0.114917  0.853349  0.843725  0.214689  0.610619  0.723419   \n",
              "FGA      0.399330  0.202011  0.832288  0.807849  0.262776  0.514503  0.655417   \n",
              "FG%     -0.360298 -0.376032  0.267298  0.320679 -0.142038  0.527119  0.431919   \n",
              "3P Made  0.982678  0.619991  0.157143  0.090530  0.310734 -0.221181  0.017703   \n",
              "3PA      1.000000  0.612823  0.165934  0.096702  0.321690 -0.237302  0.007024   \n",
              "3P%      0.612823  1.000000  0.018112 -0.048118  0.329070 -0.294037 -0.132653   \n",
              "FTM      0.165934  0.018112  1.000000  0.980388  0.236930  0.604364  0.686171   \n",
              "FTA      0.096702 -0.048118  0.980388  1.000000  0.092367  0.673121  0.731581   \n",
              "FT%      0.321690  0.329070  0.236930  0.092367  1.000000 -0.143924 -0.016600   \n",
              "OREB    -0.237302 -0.294037  0.604364  0.673121 -0.143924  1.000000  0.847967   \n",
              "DREB     0.007024 -0.132653  0.686171  0.731581 -0.016600  0.847967  1.000000   \n",
              "REB     -0.086081 -0.198723  0.681736  0.737864 -0.065965  0.937130  0.979235   \n",
              "AST      0.444800  0.296920  0.473577  0.419419  0.308191 -0.016893  0.193664   \n",
              "STL      0.379792  0.233972  0.597443  0.568765  0.228524  0.275706  0.414556   \n",
              "BLK     -0.172752 -0.264620  0.462012  0.521547 -0.150065  0.665600  0.712691   \n",
              "TOV      0.290051  0.111586  0.811781  0.800064  0.197130  0.434725  0.591945   \n",
              "Target   0.018759  0.001285  0.333098  0.334718  0.088597  0.329306  0.323428   \n",
              "\n",
              "              REB       AST       STL       BLK       TOV    Target  \n",
              "GP       0.473715  0.362790  0.456121  0.303153  0.523640  0.415001  \n",
              "MIN      0.719870  0.625946  0.766311  0.432429  0.830394  0.354152  \n",
              "PTS      0.696668  0.546482  0.669969  0.433771  0.853030  0.354192  \n",
              "FGM      0.708522  0.521606  0.650974  0.442781  0.834749  0.356119  \n",
              "FGA      0.627248  0.587837  0.689307  0.360720  0.848879  0.327988  \n",
              "FG%      0.484302 -0.130397  0.040709  0.414445  0.125793  0.252236  \n",
              "3P Made -0.072795  0.415002  0.353963 -0.157557  0.269701  0.037159  \n",
              "3PA     -0.086081  0.444800  0.379792 -0.172752  0.290051  0.018759  \n",
              "3P%     -0.198723  0.296920  0.233972 -0.264620  0.111586  0.001285  \n",
              "FTM      0.681736  0.473577  0.597443  0.462012  0.811781  0.333098  \n",
              "FTA      0.737864  0.419419  0.568765  0.521547  0.800064  0.334718  \n",
              "FT%     -0.065965  0.308191  0.228524 -0.150065  0.197130  0.088597  \n",
              "OREB     0.937130 -0.016893  0.275706  0.665600  0.434725  0.329306  \n",
              "DREB     0.979235  0.193664  0.414556  0.712691  0.591945  0.323428  \n",
              "REB      1.000000  0.121015  0.377460  0.720953  0.554782  0.338257  \n",
              "AST      0.121015  1.000000  0.745087 -0.063675  0.736611  0.213621  \n",
              "STL      0.377460  0.745087  1.000000  0.161667  0.718808  0.268398  \n",
              "BLK      0.720953 -0.063675  0.161667  1.000000  0.333091  0.227312  \n",
              "TOV      0.554782  0.736611  0.718808  0.333091  1.000000  0.314013  \n",
              "Target   0.338257  0.213621  0.268398  0.227312  0.314013  1.000000  "
            ],
            "text/html": [
              "\n",
              "  <div id=\"df-01be4058-6f32-4d46-aa7b-2c960497f652\">\n",
              "    <div class=\"colab-df-container\">\n",
              "      <div>\n",
              "<style scoped>\n",
              "    .dataframe tbody tr th:only-of-type {\n",
              "        vertical-align: middle;\n",
              "    }\n",
              "\n",
              "    .dataframe tbody tr th {\n",
              "        vertical-align: top;\n",
              "    }\n",
              "\n",
              "    .dataframe thead th {\n",
              "        text-align: right;\n",
              "    }\n",
              "</style>\n",
              "<table border=\"1\" class=\"dataframe\">\n",
              "  <thead>\n",
              "    <tr style=\"text-align: right;\">\n",
              "      <th></th>\n",
              "      <th>GP</th>\n",
              "      <th>MIN</th>\n",
              "      <th>PTS</th>\n",
              "      <th>FGM</th>\n",
              "      <th>FGA</th>\n",
              "      <th>FG%</th>\n",
              "      <th>3P Made</th>\n",
              "      <th>3PA</th>\n",
              "      <th>3P%</th>\n",
              "      <th>FTM</th>\n",
              "      <th>FTA</th>\n",
              "      <th>FT%</th>\n",
              "      <th>OREB</th>\n",
              "      <th>DREB</th>\n",
              "      <th>REB</th>\n",
              "      <th>AST</th>\n",
              "      <th>STL</th>\n",
              "      <th>BLK</th>\n",
              "      <th>TOV</th>\n",
              "      <th>Target</th>\n",
              "    </tr>\n",
              "  </thead>\n",
              "  <tbody>\n",
              "    <tr>\n",
              "      <th>GP</th>\n",
              "      <td>1.000000</td>\n",
              "      <td>0.597446</td>\n",
              "      <td>0.559332</td>\n",
              "      <td>0.562213</td>\n",
              "      <td>0.538190</td>\n",
              "      <td>0.311106</td>\n",
              "      <td>0.119768</td>\n",
              "      <td>0.106866</td>\n",
              "      <td>0.026659</td>\n",
              "      <td>0.503171</td>\n",
              "      <td>0.491696</td>\n",
              "      <td>0.200386</td>\n",
              "      <td>0.416948</td>\n",
              "      <td>0.479671</td>\n",
              "      <td>0.473715</td>\n",
              "      <td>0.362790</td>\n",
              "      <td>0.456121</td>\n",
              "      <td>0.303153</td>\n",
              "      <td>0.523640</td>\n",
              "      <td>0.415001</td>\n",
              "    </tr>\n",
              "    <tr>\n",
              "      <th>MIN</th>\n",
              "      <td>0.597446</td>\n",
              "      <td>1.000000</td>\n",
              "      <td>0.918264</td>\n",
              "      <td>0.905489</td>\n",
              "      <td>0.914114</td>\n",
              "      <td>0.211973</td>\n",
              "      <td>0.390542</td>\n",
              "      <td>0.398589</td>\n",
              "      <td>0.169725</td>\n",
              "      <td>0.811353</td>\n",
              "      <td>0.795711</td>\n",
              "      <td>0.241640</td>\n",
              "      <td>0.586255</td>\n",
              "      <td>0.756072</td>\n",
              "      <td>0.719870</td>\n",
              "      <td>0.625946</td>\n",
              "      <td>0.766311</td>\n",
              "      <td>0.432429</td>\n",
              "      <td>0.830394</td>\n",
              "      <td>0.354152</td>\n",
              "    </tr>\n",
              "    <tr>\n",
              "      <th>PTS</th>\n",
              "      <td>0.559332</td>\n",
              "      <td>0.918264</td>\n",
              "      <td>1.000000</td>\n",
              "      <td>0.991033</td>\n",
              "      <td>0.980013</td>\n",
              "      <td>0.272255</td>\n",
              "      <td>0.337452</td>\n",
              "      <td>0.341765</td>\n",
              "      <td>0.147124</td>\n",
              "      <td>0.899845</td>\n",
              "      <td>0.882502</td>\n",
              "      <td>0.246680</td>\n",
              "      <td>0.590605</td>\n",
              "      <td>0.716958</td>\n",
              "      <td>0.696668</td>\n",
              "      <td>0.546482</td>\n",
              "      <td>0.669969</td>\n",
              "      <td>0.433771</td>\n",
              "      <td>0.853030</td>\n",
              "      <td>0.354192</td>\n",
              "    </tr>\n",
              "    <tr>\n",
              "      <th>FGM</th>\n",
              "      <td>0.562213</td>\n",
              "      <td>0.905489</td>\n",
              "      <td>0.991033</td>\n",
              "      <td>1.000000</td>\n",
              "      <td>0.979742</td>\n",
              "      <td>0.308350</td>\n",
              "      <td>0.277842</td>\n",
              "      <td>0.282244</td>\n",
              "      <td>0.114917</td>\n",
              "      <td>0.853349</td>\n",
              "      <td>0.843725</td>\n",
              "      <td>0.214689</td>\n",
              "      <td>0.610619</td>\n",
              "      <td>0.723419</td>\n",
              "      <td>0.708522</td>\n",
              "      <td>0.521606</td>\n",
              "      <td>0.650974</td>\n",
              "      <td>0.442781</td>\n",
              "      <td>0.834749</td>\n",
              "      <td>0.356119</td>\n",
              "    </tr>\n",
              "    <tr>\n",
              "      <th>FGA</th>\n",
              "      <td>0.538190</td>\n",
              "      <td>0.914114</td>\n",
              "      <td>0.980013</td>\n",
              "      <td>0.979742</td>\n",
              "      <td>1.000000</td>\n",
              "      <td>0.145322</td>\n",
              "      <td>0.382426</td>\n",
              "      <td>0.399330</td>\n",
              "      <td>0.202011</td>\n",
              "      <td>0.832288</td>\n",
              "      <td>0.807849</td>\n",
              "      <td>0.262776</td>\n",
              "      <td>0.514503</td>\n",
              "      <td>0.655417</td>\n",
              "      <td>0.627248</td>\n",
              "      <td>0.587837</td>\n",
              "      <td>0.689307</td>\n",
              "      <td>0.360720</td>\n",
              "      <td>0.848879</td>\n",
              "      <td>0.327988</td>\n",
              "    </tr>\n",
              "    <tr>\n",
              "      <th>FG%</th>\n",
              "      <td>0.311106</td>\n",
              "      <td>0.211973</td>\n",
              "      <td>0.272255</td>\n",
              "      <td>0.308350</td>\n",
              "      <td>0.145322</td>\n",
              "      <td>1.000000</td>\n",
              "      <td>-0.304532</td>\n",
              "      <td>-0.360298</td>\n",
              "      <td>-0.376032</td>\n",
              "      <td>0.267298</td>\n",
              "      <td>0.320679</td>\n",
              "      <td>-0.142038</td>\n",
              "      <td>0.527119</td>\n",
              "      <td>0.431919</td>\n",
              "      <td>0.484302</td>\n",
              "      <td>-0.130397</td>\n",
              "      <td>0.040709</td>\n",
              "      <td>0.414445</td>\n",
              "      <td>0.125793</td>\n",
              "      <td>0.252236</td>\n",
              "    </tr>\n",
              "    <tr>\n",
              "      <th>3P Made</th>\n",
              "      <td>0.119768</td>\n",
              "      <td>0.390542</td>\n",
              "      <td>0.337452</td>\n",
              "      <td>0.277842</td>\n",
              "      <td>0.382426</td>\n",
              "      <td>-0.304532</td>\n",
              "      <td>1.000000</td>\n",
              "      <td>0.982678</td>\n",
              "      <td>0.619991</td>\n",
              "      <td>0.157143</td>\n",
              "      <td>0.090530</td>\n",
              "      <td>0.310734</td>\n",
              "      <td>-0.221181</td>\n",
              "      <td>0.017703</td>\n",
              "      <td>-0.072795</td>\n",
              "      <td>0.415002</td>\n",
              "      <td>0.353963</td>\n",
              "      <td>-0.157557</td>\n",
              "      <td>0.269701</td>\n",
              "      <td>0.037159</td>\n",
              "    </tr>\n",
              "    <tr>\n",
              "      <th>3PA</th>\n",
              "      <td>0.106866</td>\n",
              "      <td>0.398589</td>\n",
              "      <td>0.341765</td>\n",
              "      <td>0.282244</td>\n",
              "      <td>0.399330</td>\n",
              "      <td>-0.360298</td>\n",
              "      <td>0.982678</td>\n",
              "      <td>1.000000</td>\n",
              "      <td>0.612823</td>\n",
              "      <td>0.165934</td>\n",
              "      <td>0.096702</td>\n",
              "      <td>0.321690</td>\n",
              "      <td>-0.237302</td>\n",
              "      <td>0.007024</td>\n",
              "      <td>-0.086081</td>\n",
              "      <td>0.444800</td>\n",
              "      <td>0.379792</td>\n",
              "      <td>-0.172752</td>\n",
              "      <td>0.290051</td>\n",
              "      <td>0.018759</td>\n",
              "    </tr>\n",
              "    <tr>\n",
              "      <th>3P%</th>\n",
              "      <td>0.026659</td>\n",
              "      <td>0.169725</td>\n",
              "      <td>0.147124</td>\n",
              "      <td>0.114917</td>\n",
              "      <td>0.202011</td>\n",
              "      <td>-0.376032</td>\n",
              "      <td>0.619991</td>\n",
              "      <td>0.612823</td>\n",
              "      <td>1.000000</td>\n",
              "      <td>0.018112</td>\n",
              "      <td>-0.048118</td>\n",
              "      <td>0.329070</td>\n",
              "      <td>-0.294037</td>\n",
              "      <td>-0.132653</td>\n",
              "      <td>-0.198723</td>\n",
              "      <td>0.296920</td>\n",
              "      <td>0.233972</td>\n",
              "      <td>-0.264620</td>\n",
              "      <td>0.111586</td>\n",
              "      <td>0.001285</td>\n",
              "    </tr>\n",
              "    <tr>\n",
              "      <th>FTM</th>\n",
              "      <td>0.503171</td>\n",
              "      <td>0.811353</td>\n",
              "      <td>0.899845</td>\n",
              "      <td>0.853349</td>\n",
              "      <td>0.832288</td>\n",
              "      <td>0.267298</td>\n",
              "      <td>0.157143</td>\n",
              "      <td>0.165934</td>\n",
              "      <td>0.018112</td>\n",
              "      <td>1.000000</td>\n",
              "      <td>0.980388</td>\n",
              "      <td>0.236930</td>\n",
              "      <td>0.604364</td>\n",
              "      <td>0.686171</td>\n",
              "      <td>0.681736</td>\n",
              "      <td>0.473577</td>\n",
              "      <td>0.597443</td>\n",
              "      <td>0.462012</td>\n",
              "      <td>0.811781</td>\n",
              "      <td>0.333098</td>\n",
              "    </tr>\n",
              "    <tr>\n",
              "      <th>FTA</th>\n",
              "      <td>0.491696</td>\n",
              "      <td>0.795711</td>\n",
              "      <td>0.882502</td>\n",
              "      <td>0.843725</td>\n",
              "      <td>0.807849</td>\n",
              "      <td>0.320679</td>\n",
              "      <td>0.090530</td>\n",
              "      <td>0.096702</td>\n",
              "      <td>-0.048118</td>\n",
              "      <td>0.980388</td>\n",
              "      <td>1.000000</td>\n",
              "      <td>0.092367</td>\n",
              "      <td>0.673121</td>\n",
              "      <td>0.731581</td>\n",
              "      <td>0.737864</td>\n",
              "      <td>0.419419</td>\n",
              "      <td>0.568765</td>\n",
              "      <td>0.521547</td>\n",
              "      <td>0.800064</td>\n",
              "      <td>0.334718</td>\n",
              "    </tr>\n",
              "    <tr>\n",
              "      <th>FT%</th>\n",
              "      <td>0.200386</td>\n",
              "      <td>0.241640</td>\n",
              "      <td>0.246680</td>\n",
              "      <td>0.214689</td>\n",
              "      <td>0.262776</td>\n",
              "      <td>-0.142038</td>\n",
              "      <td>0.310734</td>\n",
              "      <td>0.321690</td>\n",
              "      <td>0.329070</td>\n",
              "      <td>0.236930</td>\n",
              "      <td>0.092367</td>\n",
              "      <td>1.000000</td>\n",
              "      <td>-0.143924</td>\n",
              "      <td>-0.016600</td>\n",
              "      <td>-0.065965</td>\n",
              "      <td>0.308191</td>\n",
              "      <td>0.228524</td>\n",
              "      <td>-0.150065</td>\n",
              "      <td>0.197130</td>\n",
              "      <td>0.088597</td>\n",
              "    </tr>\n",
              "    <tr>\n",
              "      <th>OREB</th>\n",
              "      <td>0.416948</td>\n",
              "      <td>0.586255</td>\n",
              "      <td>0.590605</td>\n",
              "      <td>0.610619</td>\n",
              "      <td>0.514503</td>\n",
              "      <td>0.527119</td>\n",
              "      <td>-0.221181</td>\n",
              "      <td>-0.237302</td>\n",
              "      <td>-0.294037</td>\n",
              "      <td>0.604364</td>\n",
              "      <td>0.673121</td>\n",
              "      <td>-0.143924</td>\n",
              "      <td>1.000000</td>\n",
              "      <td>0.847967</td>\n",
              "      <td>0.937130</td>\n",
              "      <td>-0.016893</td>\n",
              "      <td>0.275706</td>\n",
              "      <td>0.665600</td>\n",
              "      <td>0.434725</td>\n",
              "      <td>0.329306</td>\n",
              "    </tr>\n",
              "    <tr>\n",
              "      <th>DREB</th>\n",
              "      <td>0.479671</td>\n",
              "      <td>0.756072</td>\n",
              "      <td>0.716958</td>\n",
              "      <td>0.723419</td>\n",
              "      <td>0.655417</td>\n",
              "      <td>0.431919</td>\n",
              "      <td>0.017703</td>\n",
              "      <td>0.007024</td>\n",
              "      <td>-0.132653</td>\n",
              "      <td>0.686171</td>\n",
              "      <td>0.731581</td>\n",
              "      <td>-0.016600</td>\n",
              "      <td>0.847967</td>\n",
              "      <td>1.000000</td>\n",
              "      <td>0.979235</td>\n",
              "      <td>0.193664</td>\n",
              "      <td>0.414556</td>\n",
              "      <td>0.712691</td>\n",
              "      <td>0.591945</td>\n",
              "      <td>0.323428</td>\n",
              "    </tr>\n",
              "    <tr>\n",
              "      <th>REB</th>\n",
              "      <td>0.473715</td>\n",
              "      <td>0.719870</td>\n",
              "      <td>0.696668</td>\n",
              "      <td>0.708522</td>\n",
              "      <td>0.627248</td>\n",
              "      <td>0.484302</td>\n",
              "      <td>-0.072795</td>\n",
              "      <td>-0.086081</td>\n",
              "      <td>-0.198723</td>\n",
              "      <td>0.681736</td>\n",
              "      <td>0.737864</td>\n",
              "      <td>-0.065965</td>\n",
              "      <td>0.937130</td>\n",
              "      <td>0.979235</td>\n",
              "      <td>1.000000</td>\n",
              "      <td>0.121015</td>\n",
              "      <td>0.377460</td>\n",
              "      <td>0.720953</td>\n",
              "      <td>0.554782</td>\n",
              "      <td>0.338257</td>\n",
              "    </tr>\n",
              "    <tr>\n",
              "      <th>AST</th>\n",
              "      <td>0.362790</td>\n",
              "      <td>0.625946</td>\n",
              "      <td>0.546482</td>\n",
              "      <td>0.521606</td>\n",
              "      <td>0.587837</td>\n",
              "      <td>-0.130397</td>\n",
              "      <td>0.415002</td>\n",
              "      <td>0.444800</td>\n",
              "      <td>0.296920</td>\n",
              "      <td>0.473577</td>\n",
              "      <td>0.419419</td>\n",
              "      <td>0.308191</td>\n",
              "      <td>-0.016893</td>\n",
              "      <td>0.193664</td>\n",
              "      <td>0.121015</td>\n",
              "      <td>1.000000</td>\n",
              "      <td>0.745087</td>\n",
              "      <td>-0.063675</td>\n",
              "      <td>0.736611</td>\n",
              "      <td>0.213621</td>\n",
              "    </tr>\n",
              "    <tr>\n",
              "      <th>STL</th>\n",
              "      <td>0.456121</td>\n",
              "      <td>0.766311</td>\n",
              "      <td>0.669969</td>\n",
              "      <td>0.650974</td>\n",
              "      <td>0.689307</td>\n",
              "      <td>0.040709</td>\n",
              "      <td>0.353963</td>\n",
              "      <td>0.379792</td>\n",
              "      <td>0.233972</td>\n",
              "      <td>0.597443</td>\n",
              "      <td>0.568765</td>\n",
              "      <td>0.228524</td>\n",
              "      <td>0.275706</td>\n",
              "      <td>0.414556</td>\n",
              "      <td>0.377460</td>\n",
              "      <td>0.745087</td>\n",
              "      <td>1.000000</td>\n",
              "      <td>0.161667</td>\n",
              "      <td>0.718808</td>\n",
              "      <td>0.268398</td>\n",
              "    </tr>\n",
              "    <tr>\n",
              "      <th>BLK</th>\n",
              "      <td>0.303153</td>\n",
              "      <td>0.432429</td>\n",
              "      <td>0.433771</td>\n",
              "      <td>0.442781</td>\n",
              "      <td>0.360720</td>\n",
              "      <td>0.414445</td>\n",
              "      <td>-0.157557</td>\n",
              "      <td>-0.172752</td>\n",
              "      <td>-0.264620</td>\n",
              "      <td>0.462012</td>\n",
              "      <td>0.521547</td>\n",
              "      <td>-0.150065</td>\n",
              "      <td>0.665600</td>\n",
              "      <td>0.712691</td>\n",
              "      <td>0.720953</td>\n",
              "      <td>-0.063675</td>\n",
              "      <td>0.161667</td>\n",
              "      <td>1.000000</td>\n",
              "      <td>0.333091</td>\n",
              "      <td>0.227312</td>\n",
              "    </tr>\n",
              "    <tr>\n",
              "      <th>TOV</th>\n",
              "      <td>0.523640</td>\n",
              "      <td>0.830394</td>\n",
              "      <td>0.853030</td>\n",
              "      <td>0.834749</td>\n",
              "      <td>0.848879</td>\n",
              "      <td>0.125793</td>\n",
              "      <td>0.269701</td>\n",
              "      <td>0.290051</td>\n",
              "      <td>0.111586</td>\n",
              "      <td>0.811781</td>\n",
              "      <td>0.800064</td>\n",
              "      <td>0.197130</td>\n",
              "      <td>0.434725</td>\n",
              "      <td>0.591945</td>\n",
              "      <td>0.554782</td>\n",
              "      <td>0.736611</td>\n",
              "      <td>0.718808</td>\n",
              "      <td>0.333091</td>\n",
              "      <td>1.000000</td>\n",
              "      <td>0.314013</td>\n",
              "    </tr>\n",
              "    <tr>\n",
              "      <th>Target</th>\n",
              "      <td>0.415001</td>\n",
              "      <td>0.354152</td>\n",
              "      <td>0.354192</td>\n",
              "      <td>0.356119</td>\n",
              "      <td>0.327988</td>\n",
              "      <td>0.252236</td>\n",
              "      <td>0.037159</td>\n",
              "      <td>0.018759</td>\n",
              "      <td>0.001285</td>\n",
              "      <td>0.333098</td>\n",
              "      <td>0.334718</td>\n",
              "      <td>0.088597</td>\n",
              "      <td>0.329306</td>\n",
              "      <td>0.323428</td>\n",
              "      <td>0.338257</td>\n",
              "      <td>0.213621</td>\n",
              "      <td>0.268398</td>\n",
              "      <td>0.227312</td>\n",
              "      <td>0.314013</td>\n",
              "      <td>1.000000</td>\n",
              "    </tr>\n",
              "  </tbody>\n",
              "</table>\n",
              "</div>\n",
              "      <button class=\"colab-df-convert\" onclick=\"convertToInteractive('df-01be4058-6f32-4d46-aa7b-2c960497f652')\"\n",
              "              title=\"Convert this dataframe to an interactive table.\"\n",
              "              style=\"display:none;\">\n",
              "        \n",
              "  <svg xmlns=\"http://www.w3.org/2000/svg\" height=\"24px\"viewBox=\"0 0 24 24\"\n",
              "       width=\"24px\">\n",
              "    <path d=\"M0 0h24v24H0V0z\" fill=\"none\"/>\n",
              "    <path d=\"M18.56 5.44l.94 2.06.94-2.06 2.06-.94-2.06-.94-.94-2.06-.94 2.06-2.06.94zm-11 1L8.5 8.5l.94-2.06 2.06-.94-2.06-.94L8.5 2.5l-.94 2.06-2.06.94zm10 10l.94 2.06.94-2.06 2.06-.94-2.06-.94-.94-2.06-.94 2.06-2.06.94z\"/><path d=\"M17.41 7.96l-1.37-1.37c-.4-.4-.92-.59-1.43-.59-.52 0-1.04.2-1.43.59L10.3 9.45l-7.72 7.72c-.78.78-.78 2.05 0 2.83L4 21.41c.39.39.9.59 1.41.59.51 0 1.02-.2 1.41-.59l7.78-7.78 2.81-2.81c.8-.78.8-2.07 0-2.86zM5.41 20L4 18.59l7.72-7.72 1.47 1.35L5.41 20z\"/>\n",
              "  </svg>\n",
              "      </button>\n",
              "      \n",
              "  <style>\n",
              "    .colab-df-container {\n",
              "      display:flex;\n",
              "      flex-wrap:wrap;\n",
              "      gap: 12px;\n",
              "    }\n",
              "\n",
              "    .colab-df-convert {\n",
              "      background-color: #E8F0FE;\n",
              "      border: none;\n",
              "      border-radius: 50%;\n",
              "      cursor: pointer;\n",
              "      display: none;\n",
              "      fill: #1967D2;\n",
              "      height: 32px;\n",
              "      padding: 0 0 0 0;\n",
              "      width: 32px;\n",
              "    }\n",
              "\n",
              "    .colab-df-convert:hover {\n",
              "      background-color: #E2EBFA;\n",
              "      box-shadow: 0px 1px 2px rgba(60, 64, 67, 0.3), 0px 1px 3px 1px rgba(60, 64, 67, 0.15);\n",
              "      fill: #174EA6;\n",
              "    }\n",
              "\n",
              "    [theme=dark] .colab-df-convert {\n",
              "      background-color: #3B4455;\n",
              "      fill: #D2E3FC;\n",
              "    }\n",
              "\n",
              "    [theme=dark] .colab-df-convert:hover {\n",
              "      background-color: #434B5C;\n",
              "      box-shadow: 0px 1px 3px 1px rgba(0, 0, 0, 0.15);\n",
              "      filter: drop-shadow(0px 1px 2px rgba(0, 0, 0, 0.3));\n",
              "      fill: #FFFFFF;\n",
              "    }\n",
              "  </style>\n",
              "\n",
              "      <script>\n",
              "        const buttonEl =\n",
              "          document.querySelector('#df-01be4058-6f32-4d46-aa7b-2c960497f652 button.colab-df-convert');\n",
              "        buttonEl.style.display =\n",
              "          google.colab.kernel.accessAllowed ? 'block' : 'none';\n",
              "\n",
              "        async function convertToInteractive(key) {\n",
              "          const element = document.querySelector('#df-01be4058-6f32-4d46-aa7b-2c960497f652');\n",
              "          const dataTable =\n",
              "            await google.colab.kernel.invokeFunction('convertToInteractive',\n",
              "                                                     [key], {});\n",
              "          if (!dataTable) return;\n",
              "\n",
              "          const docLinkHtml = 'Like what you see? Visit the ' +\n",
              "            '<a target=\"_blank\" href=https://colab.research.google.com/notebooks/data_table.ipynb>data table notebook</a>'\n",
              "            + ' to learn more about interactive tables.';\n",
              "          element.innerHTML = '';\n",
              "          dataTable['output_type'] = 'display_data';\n",
              "          await google.colab.output.renderOutput(dataTable, element);\n",
              "          const docLink = document.createElement('div');\n",
              "          docLink.innerHTML = docLinkHtml;\n",
              "          element.appendChild(docLink);\n",
              "        }\n",
              "      </script>\n",
              "    </div>\n",
              "  </div>\n",
              "  "
            ]
          },
          "metadata": {},
          "execution_count": 18
        }
      ]
    },
    {
      "cell_type": "code",
      "source": [
        ""
      ],
      "metadata": {
        "id": "meUCjvPQQ81h"
      },
      "execution_count": null,
      "outputs": []
    },
    {
      "cell_type": "code",
      "source": [
        "train.corr()"
      ],
      "metadata": {
        "colab": {
          "base_uri": "https://localhost:8080/",
          "height": 758
        },
        "outputId": "1c11007d-bf79-4957-a568-c931b9110e7a",
        "id": "8dB2-VD4REU-"
      },
      "execution_count": null,
      "outputs": [
        {
          "output_type": "execute_result",
          "data": {
            "text/plain": [
              "               GP       MIN       PTS       FGM       FGA       FG%   3P Made  \\\n",
              "GP       1.000000  0.597446  0.559332  0.562213  0.538190  0.311106  0.119768   \n",
              "MIN      0.597446  1.000000  0.918264  0.905489  0.914114  0.211973  0.390542   \n",
              "PTS      0.559332  0.918264  1.000000  0.991033  0.980013  0.272255  0.337452   \n",
              "FGM      0.562213  0.905489  0.991033  1.000000  0.979742  0.308350  0.277842   \n",
              "FGA      0.538190  0.914114  0.980013  0.979742  1.000000  0.145322  0.382426   \n",
              "FG%      0.311106  0.211973  0.272255  0.308350  0.145322  1.000000 -0.304532   \n",
              "3P Made  0.119768  0.390542  0.337452  0.277842  0.382426 -0.304532  1.000000   \n",
              "3PA      0.106866  0.398589  0.341765  0.282244  0.399330 -0.360298  0.982678   \n",
              "3P%      0.026659  0.169725  0.147124  0.114917  0.202011 -0.376032  0.619991   \n",
              "FTM      0.503171  0.811353  0.899845  0.853349  0.832288  0.267298  0.157143   \n",
              "FTA      0.491696  0.795711  0.882502  0.843725  0.807849  0.320679  0.090530   \n",
              "FT%      0.200386  0.241640  0.246680  0.214689  0.262776 -0.142038  0.310734   \n",
              "OREB     0.416948  0.586255  0.590605  0.610619  0.514503  0.527119 -0.221181   \n",
              "DREB     0.479671  0.756072  0.716958  0.723419  0.655417  0.431919  0.017703   \n",
              "REB      0.473715  0.719870  0.696668  0.708522  0.627248  0.484302 -0.072795   \n",
              "AST      0.362790  0.625946  0.546482  0.521606  0.587837 -0.130397  0.415002   \n",
              "STL      0.456121  0.766311  0.669969  0.650974  0.689307  0.040709  0.353963   \n",
              "BLK      0.303153  0.432429  0.433771  0.442781  0.360720  0.414445 -0.157557   \n",
              "TOV      0.523640  0.830394  0.853030  0.834749  0.848879  0.125793  0.269701   \n",
              "Target   0.415001  0.354152  0.354192  0.356119  0.327988  0.252236  0.037159   \n",
              "\n",
              "              3PA       3P%       FTM       FTA       FT%      OREB      DREB  \\\n",
              "GP       0.106866  0.026659  0.503171  0.491696  0.200386  0.416948  0.479671   \n",
              "MIN      0.398589  0.169725  0.811353  0.795711  0.241640  0.586255  0.756072   \n",
              "PTS      0.341765  0.147124  0.899845  0.882502  0.246680  0.590605  0.716958   \n",
              "FGM      0.282244  0.114917  0.853349  0.843725  0.214689  0.610619  0.723419   \n",
              "FGA      0.399330  0.202011  0.832288  0.807849  0.262776  0.514503  0.655417   \n",
              "FG%     -0.360298 -0.376032  0.267298  0.320679 -0.142038  0.527119  0.431919   \n",
              "3P Made  0.982678  0.619991  0.157143  0.090530  0.310734 -0.221181  0.017703   \n",
              "3PA      1.000000  0.612823  0.165934  0.096702  0.321690 -0.237302  0.007024   \n",
              "3P%      0.612823  1.000000  0.018112 -0.048118  0.329070 -0.294037 -0.132653   \n",
              "FTM      0.165934  0.018112  1.000000  0.980388  0.236930  0.604364  0.686171   \n",
              "FTA      0.096702 -0.048118  0.980388  1.000000  0.092367  0.673121  0.731581   \n",
              "FT%      0.321690  0.329070  0.236930  0.092367  1.000000 -0.143924 -0.016600   \n",
              "OREB    -0.237302 -0.294037  0.604364  0.673121 -0.143924  1.000000  0.847967   \n",
              "DREB     0.007024 -0.132653  0.686171  0.731581 -0.016600  0.847967  1.000000   \n",
              "REB     -0.086081 -0.198723  0.681736  0.737864 -0.065965  0.937130  0.979235   \n",
              "AST      0.444800  0.296920  0.473577  0.419419  0.308191 -0.016893  0.193664   \n",
              "STL      0.379792  0.233972  0.597443  0.568765  0.228524  0.275706  0.414556   \n",
              "BLK     -0.172752 -0.264620  0.462012  0.521547 -0.150065  0.665600  0.712691   \n",
              "TOV      0.290051  0.111586  0.811781  0.800064  0.197130  0.434725  0.591945   \n",
              "Target   0.018759  0.001285  0.333098  0.334718  0.088597  0.329306  0.323428   \n",
              "\n",
              "              REB       AST       STL       BLK       TOV    Target  \n",
              "GP       0.473715  0.362790  0.456121  0.303153  0.523640  0.415001  \n",
              "MIN      0.719870  0.625946  0.766311  0.432429  0.830394  0.354152  \n",
              "PTS      0.696668  0.546482  0.669969  0.433771  0.853030  0.354192  \n",
              "FGM      0.708522  0.521606  0.650974  0.442781  0.834749  0.356119  \n",
              "FGA      0.627248  0.587837  0.689307  0.360720  0.848879  0.327988  \n",
              "FG%      0.484302 -0.130397  0.040709  0.414445  0.125793  0.252236  \n",
              "3P Made -0.072795  0.415002  0.353963 -0.157557  0.269701  0.037159  \n",
              "3PA     -0.086081  0.444800  0.379792 -0.172752  0.290051  0.018759  \n",
              "3P%     -0.198723  0.296920  0.233972 -0.264620  0.111586  0.001285  \n",
              "FTM      0.681736  0.473577  0.597443  0.462012  0.811781  0.333098  \n",
              "FTA      0.737864  0.419419  0.568765  0.521547  0.800064  0.334718  \n",
              "FT%     -0.065965  0.308191  0.228524 -0.150065  0.197130  0.088597  \n",
              "OREB     0.937130 -0.016893  0.275706  0.665600  0.434725  0.329306  \n",
              "DREB     0.979235  0.193664  0.414556  0.712691  0.591945  0.323428  \n",
              "REB      1.000000  0.121015  0.377460  0.720953  0.554782  0.338257  \n",
              "AST      0.121015  1.000000  0.745087 -0.063675  0.736611  0.213621  \n",
              "STL      0.377460  0.745087  1.000000  0.161667  0.718808  0.268398  \n",
              "BLK      0.720953 -0.063675  0.161667  1.000000  0.333091  0.227312  \n",
              "TOV      0.554782  0.736611  0.718808  0.333091  1.000000  0.314013  \n",
              "Target   0.338257  0.213621  0.268398  0.227312  0.314013  1.000000  "
            ],
            "text/html": [
              "\n",
              "  <div id=\"df-01be4058-6f32-4d46-aa7b-2c960497f652\">\n",
              "    <div class=\"colab-df-container\">\n",
              "      <div>\n",
              "<style scoped>\n",
              "    .dataframe tbody tr th:only-of-type {\n",
              "        vertical-align: middle;\n",
              "    }\n",
              "\n",
              "    .dataframe tbody tr th {\n",
              "        vertical-align: top;\n",
              "    }\n",
              "\n",
              "    .dataframe thead th {\n",
              "        text-align: right;\n",
              "    }\n",
              "</style>\n",
              "<table border=\"1\" class=\"dataframe\">\n",
              "  <thead>\n",
              "    <tr style=\"text-align: right;\">\n",
              "      <th></th>\n",
              "      <th>GP</th>\n",
